lambda,ent_threshold,mean_probs,mean_hall_probs,mean_first_hall_probs,R1,R2,RL
1.4507E-01,3.0581E+00,-2.6409369290996088,-2.6142743066884178,-5.118172727272728,44.277,21.623,36.101
1.2320E-01,3.9507E+00,-2.4956177250978686,-2.470325754486134,-4.826177414772728,44.895,22.115000000000002,36.807
1.4507E-01,3.3745E+00,-2.593262947658402,-2.567160562805873,-5.021032102272727,44.167,21.257,35.978
1.0987E-01,3.1560E+00,-2.5467594533855302,-2.5206201876019576,-4.920681392045454,44.842999999999996,21.956999999999997,36.655
6.5599E-02,3.0581E+00,-2.472319791213571,-2.448842434747145,-4.7618093749999995,45.033,22.095000000000002,36.812
1.1011E-01,3.8662E+00,-2.486062817166884,-2.4606483278955955,-4.803451846590909,45.174,22.381,37.197
6.5602E-02,3.5987E+00,-2.447196752211106,-2.4241433727569333,-4.710605539772727,45.352,22.648,37.523
1.4507E-01,3.8662E+00,-2.532656742061766,-2.505606097063622,-4.910002556818182,44.51,21.596,36.431000000000004
1.1011E-01,3.9507E+00,-2.4800370668406555,-2.4552543230016317,-4.7901125,45.101,22.459,37.223
1.0987E-01,3.5987E+00,-2.506942938958968,-2.482677018760196,-4.847938778409091,45.011,21.865000000000002,37.014
6.5599E-02,3.7320E+00,-2.442090126141801,-2.4187662316476346,-4.698358522727273,45.334,22.67,37.555
6.5602E-02,3.7081E+00,-2.4431595693779906,-2.419705444535073,-4.700003693181818,45.326,22.691,37.559
1.2081E-01,3.7081E+00,-2.514664020588662,-2.489350346655791,-4.863310085227273,44.97,22.1,36.919000000000004
1.1011E-01,3.3745E+00,-2.526412063215891,-2.5018358890701466,-4.881215198863637,44.944,21.928,36.872
6.5599E-02,3.1560E+00,-2.467150898941569,-2.443161990212072,-4.749627272727273,44.857,21.982,36.725
1.3662E-01,3.7081E+00,-2.5387614542554733,-2.512809685970636,-4.916781818181819,44.751000000000005,21.797,36.653000000000006
1.3662E-01,3.8662E+00,-2.520733144845585,-2.4941064641109296,-4.882968607954546,44.722,21.837,36.58
1.4507E-01,3.1560E+00,-2.6247915325503843,-2.5964549959216963,-5.0805203125,44.108000000000004,21.433,36.175000000000004
1.0987E-01,3.7081E+00,-2.498984725242859,-2.4740830954323,-4.828153977272728,45.119,22.175,37.068
1.2320E-01,3.7320E+00,-2.5158108670436428,-2.4906573001631322,-4.867517329545455,44.995000000000005,22.139,36.951
8.7454E-02,3.3745E+00,-2.488952631578947,-2.4651742251223494,-4.8002186079545455,45.218,22.396,37.216
1.0987E-01,3.3745E+00,-2.5259920472669277,-2.501424918433931,-4.880319318181818,44.938,21.928,36.882
1.2320E-01,3.0581E+00,-2.58711325938814,-2.5614871125611747,-5.007701136363636,44.592,21.948,36.722
1.0987E-01,3.6011E+00,-2.5068240829346093,-2.4823525489396414,-4.847938778409091,45.013,21.86,36.986000000000004
6.5602E-02,3.1560E+00,-2.4671554081484706,-2.443166557911909,-4.7496386363636365,44.857,21.982,36.725
1.1011E-01,3.6011E+00,-2.507183739306945,-2.48270426182708,-4.84875,44.961,21.863,36.957
1.4507E-01,3.7320E+00,-2.5493570175438593,-2.5233455954323007,-4.9420745738636365,44.66,21.805,36.632999999999996
6.5602E-02,3.6011E+00,-2.4471369146005513,-2.423967862969005,-4.710605539772727,45.34,22.637,37.511
5.5808E-02,3.7081E+00,-2.4323173046251996,-2.4091423327895596,-4.674441761363636,45.231,22.601,37.446
1.1011E-01,3.5987E+00,-2.507302965057271,-2.483029628874388,-4.84875,44.958999999999996,21.868000000000002,36.985
5.5808E-02,3.8662E+00,-2.426740858344208,-2.4033398042414356,-4.663154261363636,45.219,22.645,37.302
1.2320E-01,3.1560E+00,-2.5746517398869075,-2.5477347267536707,-4.978525568181819,44.763,22.118,36.861
8.7454E-02,3.7081E+00,-2.4692565680730754,-2.4451282422512235,-4.760560511363637,45.153999999999996,22.572,37.256
5.5808E-02,3.3745E+00,-2.4434392344497606,-2.4205566884176184,-4.698244176136364,45.245999999999995,22.509,37.202
5.5808E-02,3.5987E+00,-2.4356314702044366,-2.412801855628059,-4.683257386363636,45.135999999999996,22.432,37.248
1.4507E-01,3.9507E+00,-2.5236948455850365,-2.4974570554649267,-4.890387073863636,44.493,21.722,36.378
6.5602E-02,3.7320E+00,-2.44209327968682,-2.4187695554649267,-4.6983671875,45.334,22.67,37.555
1.4507E-01,3.5987E+00,-2.5643350152240103,-2.5388298735725936,-4.975326136363637,44.458999999999996,21.504,36.611
1.2320E-01,3.8662E+00,-2.502674865883718,-2.476683217781403,-4.841733238636364,45.005,22.056,36.75
1.3662E-01,3.6011E+00,-2.5495246918950265,-2.5240761623164762,-4.943144886363636,44.332,21.392,36.317
1.3662E-01,3.7320E+00,-2.536003255038423,-2.5103352569331157,-4.9125379261363635,44.763999999999996,21.912000000000003,36.719
1.2320E-01,3.3745E+00,-2.550098912570683,-2.5249945554649265,-4.9313610795454546,44.789,21.779,36.735
1.2081E-01,3.3745E+00,-2.5456576845005077,-2.5206532626427403,-4.922014488636364,44.812999999999995,21.769,36.723
6.5602E-02,3.3745E+00,-2.4567347034942735,-2.4336002243066885,-4.7285073863636375,45.295,22.498,37.165
6.5599E-02,3.9507E+00,-2.4333091416557924,-2.4099765701468185,-4.679516335227273,45.235,22.564,37.325
6.5602E-02,3.8662E+00,-2.436382586631869,-2.412657646818923,-4.686421732954546,45.299,22.668,37.37
5.5808E-02,3.0581E+00,-2.4561947948383356,-2.433012194127243,-4.725682954545454,44.847,22.251,36.884
1.3662E-01,3.5987E+00,-2.549688219515732,-2.5245051182707994,-4.943144886363636,44.352999999999994,21.406,36.361
1.3662E-01,3.0581E+00,-2.619408938668987,-2.593162867047308,-5.074268465909091,44.653999999999996,21.818,36.294
1.4507E-01,3.6011E+00,-2.5641557923734957,-2.5383653752039153,-4.975326136363637,44.45,21.5,36.578
1.1011E-01,3.7081E+00,-2.4993201826881255,-2.4744098694942904,-4.828909375,45.115,22.174,37.058
5.5808E-02,3.7320E+00,-2.4314357691750037,-2.4083712887438824,-4.6730903409090905,45.228,22.572,37.405
8.7454E-02,3.9507E+00,-2.4550993112947657,-2.4311046288743885,-4.731602414772727,44.923,22.356,37.038
1.2081E-01,3.6011E+00,-2.523640524865884,-2.49878792822186,-4.885682102272728,45.045,22.028,37.029
6.5599E-02,3.5987E+00,-2.4471932796868203,-2.424139743066884,-4.710596022727272,45.352,22.648,37.523
8.7454E-02,3.8662E+00,-2.4595197259678123,-2.4350130505709626,-4.741461221590909,45.036,22.541,37.183
5.5808E-02,3.6011E+00,-2.4355824706394085,-2.4126557096247963,-4.683257386363636,45.153999999999996,22.434,37.25
8.7454E-02,3.5987E+00,-2.4750874873133246,-2.4514787520391517,-4.775453409090909,45.086,22.396,37.124
1.3662E-01,3.9507E+00,-2.5125349282296647,-2.486677365415987,-4.864976136363636,44.604,21.818,36.394999999999996
1.3662E-01,3.1560E+00,-2.6047540597361167,-2.5769875611745516,-5.040035369318182,44.507999999999996,21.783,36.529
1.0987E-01,3.0581E+00,-2.5572425837320574,-2.5321839518760196,-4.945271732954545,44.613,21.891,36.618
8.7454E-02,3.7320E+00,-2.4677395026823254,-2.4437868474714515,-4.758228267045454,45.061,22.533,37.205
1.2320E-01,3.5987E+00,-2.527571610845295,-2.502867557096248,-4.8941431818181815,45.059,22.011,37.035000000000004
5.5808E-02,3.1560E+00,-2.4519757938234017,-2.4283814437194127,-4.7157296875000005,44.685,22.052,36.736000000000004
1.1011E-01,3.1560E+00,-2.547244584602001,-2.5210921492659053,-4.921694460227273,44.851,21.953,36.658
1.0987E-01,3.7320E+00,-2.4969438668986514,-2.4722657830342576,-4.825013920454546,45.072,22.242,37.108999999999995
1.0987E-01,3.8662E+00,-2.4857672031317963,-2.4603627446982057,-4.802767329545454,45.168,22.381,37.207
5.5808E-02,3.9507E+00,-2.424216818906771,-2.401153017944535,-4.657466051136364,45.267,22.637999999999998,37.370999999999995
8.7454E-02,3.6011E+00,-2.4750006669566478,-2.4512331769983686,-4.775453409090909,45.074999999999996,22.378,37.082
8.7454E-02,3.0581E+00,-2.511649782514137,-2.4874455954323,-4.848039914772727,44.839,22.006,36.915
1.4507E-01,3.7081E+00,-2.5523646295490794,-2.526049510603589,-4.9467012784090905,44.583,21.619,36.484
6.5599E-02,3.3745E+00,-2.4567307597506165,-2.4335961663947794,-4.728497017045455,45.295,22.498,37.165
1.3662E-01,3.3745E+00,-2.5760374873133243,-2.5503383156606856,-4.9854863636363635,44.369,21.401999999999997,36.276
6.5602E-02,3.9507E+00,-2.4333118239814415,-2.409979363784666,-4.679523579545454,45.235,22.564,37.325
6.5602E-02,3.0581E+00,-2.4723246193997386,-2.448847287928222,-4.761821448863636,45.033,22.095000000000002,36.812
6.5599E-02,3.6011E+00,-2.4471334348267364,-2.4239642332789555,-4.710596022727272,45.34,22.637,37.511
1.2081E-01,3.0581E+00,-2.581599202551834,-2.5560779363784665,-4.996243892045455,44.433,21.884,36.567
1.2081E-01,3.7320E+00,-2.5123425619834707,-2.4872766313213703,-4.8597377840909095,45.003,22.211,37.035000000000004
1.2081E-01,3.9507E+00,-2.492706488328259,-2.467510481239804,-4.819464772727272,44.89,22.091,36.831
1.2081E-01,3.8662E+00,-2.4995694069885457,-2.47368601141925,-4.834603977272727,45.031,22.095000000000002,36.855
8.7454E-02,3.1560E+00,-2.5040812817166884,-2.4791094004893965,-4.830241051136364,44.84,21.916,36.775000000000006
1.2320E-01,3.6011E+00,-2.527431426707264,-2.5024924959216968,-4.8941431818181815,45.050000000000004,22.006999999999998,37.002
6.5599E-02,3.7081E+00,-2.443156357836741,-2.4197020391517126,-4.699994886363637,45.326,22.691,37.559
1.1011E-01,3.0581E+00,-2.55776171523851,-2.5326933727569334,-4.946364062500001,44.61,21.905,36.608000000000004
1.0987E-01,3.9507E+00,-2.479759627374221,-2.454985623980424,-4.7894671875000006,45.095,22.459,37.233
1.1011E-01,3.7320E+00,-2.4972733434826737,-2.4725871533442088,-4.825760085227273,45.088,22.262999999999998,37.122
6.5599E-02,3.8662E+00,-2.436379759315644,-2.412654730831974,-4.686413920454546,45.299,22.668,37.37
1.2320E-01,3.7081E+00,-2.518195911265768,-2.49278927406199,-4.871187357954546,44.984,22.07,36.825
1.2081E-01,3.5987E+00,-2.523776758010729,-2.4991537112561173,-4.885682102272728,45.057,22.032,37.064
1.2081E-01,3.1560E+00,-2.569506742061766,-2.542733564437194,-4.967921306818182,44.604,21.902,36.601
