lambda,ent_threshold,mean_probs,mean_hall_probs,mean_first_hall_probs,R1,R2,RL
2.2022E-01,4.4261E+00,-5.376406341540654,-5.403570037278658,-7.9450087517934,30.464000000000002,10.212,24.522
2.4640E-01,4.2993E+00,-5.536600680864539,-5.56012688723206,-8.162335150645625,30.098999999999997,9.927999999999999,23.89
2.2022E-01,3.8980E+00,-5.510782060011084,-5.522891961789376,-8.11116025824964,30.481,10.024,24.632
1.1162E-01,4.0621E+00,-4.993458918533766,-5.007586253494874,-7.408460258249641,31.758999999999997,11.097999999999999,25.669999999999998
2.7324E-01,3.8980E+00,-5.823593104267279,-5.833855568499534,-8.526578766140602,28.807,8.834999999999999,22.936999999999998
2.4640E-01,4.0980E+00,-5.596309183754255,-5.61609224137931,-8.223015208034434,29.683,9.515,23.802
2.1973E-01,4.0980E+00,-5.4557403451824875,-5.4746275629077354,-8.03579655667145,30.465999999999998,10.103,24.610000000000003
2.2022E-01,4.2993E+00,-5.408672005383579,-5.430813420316869,-7.987759397417504,30.651,10.327,24.633
1.7491E-01,3.5618E+00,-5.336735278283588,-5.354413676607642,-7.895749067431852,30.941000000000003,10.627,25.063000000000002
2.4161E-01,4.2993E+00,-5.512534336157074,-5.5358167753960865,-8.129556814921092,30.006,9.809,23.813000000000002
2.2022E-01,3.5618E+00,-5.594497601140052,-5.613843872320596,-8.244804017216643,30.28,9.887,24.401999999999997
2.7324E-01,4.0980E+00,-5.747992146306705,-5.768510181733458,-8.423874748923959,28.531000000000002,9.032,22.945
2.7324E-01,3.5618E+00,-5.944545348745151,-5.965109622553588,-8.711528407460545,28.92,8.918,23.016000000000002
1.3120E-01,4.4261E+00,-5.024722033093184,-5.043933643988816,-7.457839167862267,31.509999999999998,10.906,25.544
1.7491E-01,4.0621E+00,-5.249669582772543,-5.266750885368127,-7.758440172166428,31.337,10.651,25.422
2.1973E-01,4.2993E+00,-5.406362520782201,-5.428476933830383,-7.984599713055953,30.701,10.357,24.668
2.2022E-01,4.0621E+00,-5.468386612303064,-5.4872397949673815,-8.051597274031563,30.441000000000003,10.035,24.563
2.4161E-01,3.0871E+00,-5.852068521890588,-5.873725652376514,-8.592865853658537,29.558,9.472,23.686
2.7324E-01,4.2993E+00,-5.676864476288497,-5.701678168685927,-8.352870875179338,28.912,9.189,23.016000000000002
2.1973E-01,3.5618E+00,-5.591506586968569,-5.610837534948742,-8.240784074605452,30.345,9.923,24.442
1.3120E-01,3.9017E+00,-5.085280239094292,-5.0975903541472505,-7.534974605451937,31.535000000000004,10.931000000000001,25.334
2.4161E-01,3.8980E+00,-5.631624487372338,-5.643153797763281,-8.272220229555236,30.068,9.812,24.03
0.0000E+00,3.9017E+00,-4.667295431873961,-4.675350605778192,-6.943231420373026,31.871,11.366,25.698
1.3120E-01,3.0871E+00,-5.168905027313752,-5.185847670083877,-7.668776040172165,31.461,10.742,25.455
1.7491E-01,0.0000E+00,-5.610751634866598,-5.641252679403541,-8.176327259684362,30.105999999999998,10.091999999999999,24.424
2.9014E-01,3.2340E+00,-6.184796073153354,-6.210305382106244,-9.041053084648492,27.706999999999997,8.246,22.267
2.1973E-01,4.0621E+00,-5.46586105613174,-5.484697064305685,-8.048233859397419,30.501,10.103,24.644
1.1162E-01,3.2340E+00,-5.0637283904678965,-5.0795580382106245,-7.52380286944046,31.580000000000002,11.042,25.611
1.7491E-01,4.0980E+00,-5.242512841421898,-5.259588979496739,-7.7491560975609755,31.275,10.735999999999999,25.441000000000003
1.3120E-01,3.2340E+00,-5.155026252869923,-5.172119175209692,-7.652017790530847,31.66,10.904,25.6
2.4161E-01,3.2340E+00,-5.814196278996121,-5.8376413793103445,-8.549316355810616,29.596,9.318999999999999,23.721999999999998
0.0000E+00,0.0000E+00,-4.667295431873961,-4.675350605778192,-6.943231420373026,31.871,11.366,25.698
2.9014E-01,4.0621E+00,-5.864584276779352,-5.885314655172413,-8.574804160688666,27.619,8.576,22.234
1.1162E-01,3.5618E+00,-5.038705177737313,-5.053375,-7.483189670014347,31.584,11.157,25.724000000000004
2.2022E-01,3.2340E+00,-5.666578030243053,-5.688936975768871,-8.351479483500718,30.226999999999997,9.796000000000001,24.261
2.7324E-01,3.9017E+00,-5.822023521494735,-5.832452679403541,-8.523533285509325,28.744999999999997,8.790000000000001,22.907
1.7491E-01,4.2993E+00,-5.208195447708019,-5.227694990680336,-7.712153802008609,31.389,10.818999999999999,25.269000000000002
1.3120E-01,4.0980E+00,-5.0619886153115345,-5.077031919850885,-7.502984361549498,31.826999999999998,11.125,25.727
1.3120E-01,4.0621E+00,-5.066760984878473,-5.08184773998136,-7.509532281205165,31.916,11.097,25.696
2.7324E-01,4.0621E+00,-5.762388235294118,-5.7827763746505125,-8.44056513629842,28.569,8.982,22.947
2.9014E-01,3.0871E+00,-6.2378200934209485,-6.260405219012116,-9.10116413199426,27.549,8.241999999999999,22.059
2.4161E-01,4.0980E+00,-5.5703123664001275,-5.589946505125815,-8.188476470588236,29.921,9.583,23.826
1.1162E-01,3.0871E+00,-5.074715279866993,-5.090529147250699,-7.537225394548062,31.522,10.831,25.548
2.9014E-01,3.9017E+00,-5.930803150977755,-5.940397623485555,-8.666956958393113,27.816999999999997,8.641,22.46
2.4161E-01,3.5618E+00,-5.729452204892724,-5.749397110904008,-8.42556513629842,29.660999999999998,9.431000000000001,23.864
2.9014E-01,4.4261E+00,-5.719231929380097,-5.752450559179869,-8.412412338593974,28.307,8.875,22.651
2.9014E-01,4.0980E+00,-5.848669630274721,-5.869556011183598,-8.556659684361549,27.616000000000003,8.513,22.136
2.2022E-01,4.0980E+00,-5.458230393476367,-5.477135507921714,-8.039123385939742,30.365,10.052999999999999,24.535999999999998
2.1973E-01,3.9017E+00,-5.507023307734938,-5.519189328984156,-8.105297991391678,30.558000000000003,10.137,24.678
1.7491E-01,3.0871E+00,-5.407544944976644,-5.426719617893756,-7.996504447632711,30.865,10.543,24.932000000000002
0.0000E+00,3.2340E+00,-4.667295431873961,-4.675350605778192,-6.943231420373026,31.871,11.366,25.698
1.3120E-01,3.8980E+00,-5.0857474309239175,-5.098123205964586,-7.536174892395983,31.551000000000002,10.943,25.352999999999998
1.1162E-01,3.8980E+00,-5.008576320164674,-5.020611276794035,-7.429696700143473,31.541000000000004,10.91,25.496999999999996
1.3120E-01,3.5618E+00,-5.123474665505502,-5.139142823858341,-7.601809038737446,31.685999999999996,11.022,25.735000000000003
0.0000E+00,4.4261E+00,-4.667295431873961,-4.675350605778192,-6.943231420373026,31.871,11.366,25.698
1.1162E-01,3.9017E+00,-5.008209128335048,-5.020171668219944,-7.428704304160688,31.555,10.918,25.487
2.7324E-01,3.2340E+00,-6.050182012508905,-6.075042520969245,-8.86313644189383,28.614,8.595,22.595000000000002
2.4640E-01,4.0621E+00,-5.608459195629799,-5.628152819198508,-8.237505164992827,29.549999999999997,9.520000000000001,23.709
2.4640E-01,0.0000E+00,-6.28179089541604,-6.320042917054986,-8.975056814921091,28.842000000000002,9.136,23.241
1.1162E-01,4.2993E+00,-4.971811265933022,-4.987296342031686,-7.382502869440458,31.758999999999997,11.218,25.808999999999997
2.2022E-01,3.9017E+00,-5.509701401314226,-5.5218576654240445,-8.108875609756097,30.476999999999997,10.025,24.581
2.1973E-01,3.0871E+00,-5.695293270524899,-5.7162753960857415,-8.384143328550932,30.148999999999997,9.868,24.095
1.7491E-01,3.2340E+00,-5.385827947114243,-5.40562537278658,-7.970869583931133,30.941000000000003,10.627,25.079
2.4640E-01,3.9017E+00,-5.658372472488323,-5.669842684063373,-8.306856384505021,29.686,9.617,23.729
1.3120E-01,0.0000E+00,-5.294141572322065,-5.31931097390494,-7.7823002869440465,30.814000000000004,10.674999999999999,25.012
2.1973E-01,3.8980E+00,-5.508099865410498,-5.5202204566635595,-8.107576040172168,30.570000000000004,10.138,24.735
2.9014E-01,4.2993E+00,-5.769836853772464,-5.795385880708293,-8.478758680057389,28.383999999999997,8.973,22.717000000000002
2.7324E-01,0.0000E+00,-6.587213086849815,-6.627894501397949,-9.326940028694404,27.534999999999997,8.247,22.231
1.1162E-01,4.0980E+00,-4.989607275750139,-5.003681547064306,-7.403037733142037,31.747999999999998,11.208,25.744
2.4640E-01,3.0871E+00,-5.8878223339403055,-5.909606523765144,-8.640269727403156,29.28,9.370000000000001,23.562
2.7324E-01,3.0871E+00,-6.097605621090967,-6.119962045666355,-8.917145767575324,28.366000000000003,8.595,22.459
0.0000E+00,3.0871E+00,-4.667295431873961,-4.675350605778192,-6.943231420373026,31.871,11.366,25.698
0.0000E+00,3.8980E+00,-4.667295431873961,-4.675350605778192,-6.943231420373026,31.871,11.366,25.698
2.7324E-01,4.4261E+00,-5.631068703982266,-5.662857828518174,-8.292652223816354,28.935,9.366,23.211000000000002
2.2022E-01,3.0871E+00,-5.698685915604465,-5.719684808946878,-8.388676040172166,30.15,9.892,24.117
1.1162E-01,4.4261E+00,-4.959838817195788,-4.977325652376515,-7.366475035868006,31.655,11.085,25.709
2.4161E-01,4.4261E+00,-5.4750983611748865,-5.504150396085741,-8.08009081779053,30.137000000000004,9.873,24.104999999999997
1.7491E-01,3.9017E+00,-5.278169083999683,-5.290791938490215,-7.797755523672884,31.183,10.532,25.207
0.0000E+00,4.0980E+00,-4.667295431873961,-4.675350605778192,-6.943231420373026,31.871,11.366,25.698
0.0000E+00,3.5618E+00,-4.667295431873961,-4.675350605778192,-6.943231420373026,31.871,11.366,25.698
2.4161E-01,0.0000E+00,-6.230423695669385,-6.268210671015843,-8.915263988522238,28.921999999999997,9.112,23.201
2.1973E-01,0.0000E+00,-6.007737376296413,-6.043287837837838,-8.653719655667144,29.581000000000003,9.496,23.71
2.4640E-01,3.5618E+00,-5.760840186841897,-5.780899813606711,-8.467447202295553,29.371000000000002,9.397,23.726
2.4640E-01,3.8980E+00,-5.659683271316601,-5.67105188723206,-8.309505595408895,29.707,9.666,23.747
2.4161E-01,3.9017E+00,-5.6303574538833026,-5.641977609506058,-8.26963931133429,29.98,9.735000000000001,23.933
1.7491E-01,4.4261E+00,-5.185584957643892,-5.208697623485554,-7.682059827833574,31.4,10.987,25.606
2.9014E-01,3.5618E+00,-6.06694669464017,-6.087699603914259,-8.87330573888092,28.055999999999997,8.641,22.46
1.1162E-01,0.0000E+00,-5.172482162932468,-5.19518427306617,-7.626784361549498,31.156,11.126,25.447999999999997
2.9014E-01,0.0000E+00,-6.794899247882194,-6.8369423811742775,-9.563075896700143,26.497,7.722999999999999,21.426000000000002
1.3120E-01,4.2993E+00,-5.03964738342174,-5.0563995340167756,-7.477780200860831,31.383,10.782,25.272
2.4161E-01,4.0621E+00,-5.582083097141952,-5.601634832246039,-8.202587948350072,29.887999999999998,9.541,23.832
2.9014E-01,3.8980E+00,-5.932547272583327,-5.941930242311277,-8.670263845050215,27.833000000000002,8.633000000000001,22.471
2.4640E-01,3.2340E+00,-5.8485823450241465,-5.872256873252563,-8.595218220946917,29.412,9.269,23.602
1.7491E-01,3.8980E+00,-5.278904647296335,-5.291554100652377,-7.799458967001436,31.130999999999997,10.505,25.216
0.0000E+00,4.0621E+00,-4.667295431873961,-4.675350605778192,-6.943231420373026,31.871,11.366,25.698
2.2022E-01,0.0000E+00,-6.012511115509461,-6.048113466915191,-8.659369010043042,29.582000000000004,9.517000000000001,23.721
0.0000E+00,4.2993E+00,-4.667295431873961,-4.675350605778192,-6.943231420373026,31.871,11.366,25.698
2.1973E-01,3.2340E+00,-5.663310830496398,-5.6856438257222734,-8.347085509325682,30.232999999999997,9.788,24.256
2.4640E-01,4.4261E+00,-5.497953139102209,-5.527423718546132,-8.11130286944046,29.953999999999997,9.897,23.971999999999998
2.1973E-01,4.4261E+00,-5.374210648404718,-5.401330824790307,-7.941997274031563,30.493,10.255,24.526999999999997
